
 7

((((And_ful: 0.010433, And_hae: 0.009811): 0.002888, And_hat: 0.008422): 0.000721, And_tri: 0.008022): 0.000907, (And_bic: 0.006796, And_mar: 0.005997): 0.002778, Bom_pas: 0.110321);

  0.000907  0.000721  0.002888  0.010433  0.009811  0.008422  0.008022  0.002778  0.006796  0.005997  0.110321

  0.314618  0.006107  0.011608  0.000000  0.092516 -0.023377  0.094990  0.000000  0.000000 -0.005497  0.000000


Hessian

 -1.668e+08 -5.417e+06 -3.446e+06 -2.083e+06 -2.817e+06 -1.528e+06  -2.22e+06 -1.954e+07 -1.855e+06 -1.641e+06 -2.867e+05
 -5.417e+06  -2.34e+08 -2.894e+06 -2.157e+06 -1.897e+06 -3.863e+06  -3.35e+06 -6.354e+06 -2.191e+06 -2.089e+06 -7.647e+05
 -3.446e+06 -2.894e+06 -7.005e+07 -1.593e+06 -1.981e+06 -1.213e+06 -1.583e+06 -2.923e+06 -1.413e+06 -1.214e+06 -9.032e+05
 -2.083e+06 -2.157e+06 -1.593e+06 -2.221e+07 -3.668e+05 -1.313e+06 -1.732e+06 -1.247e+06 -1.104e+06 -1.213e+06 -4.052e+05
 -2.817e+06 -1.897e+06 -1.981e+06 -3.668e+05 -2.363e+07 -1.215e+06 -1.312e+06  -1.46e+06 -1.032e+06 -1.155e+06  -4.84e+05
 -1.528e+06 -3.863e+06 -1.213e+06 -1.313e+06 -1.215e+06 -2.786e+07 -1.683e+06 -3.375e+06 -1.243e+06 -1.591e+06 -4.259e+05
  -2.22e+06  -3.35e+06 -1.583e+06 -1.732e+06 -1.312e+06 -1.683e+06  -2.87e+07 -1.032e+06 -1.216e+06 -1.332e+06 -4.213e+05
 -1.954e+07 -6.354e+06 -2.923e+06 -1.247e+06  -1.46e+06 -3.375e+06 -1.032e+06 -7.049e+07 -1.744e+06 -1.482e+06 -1.595e+05
 -1.855e+06 -2.191e+06 -1.413e+06 -1.104e+06 -1.032e+06 -1.243e+06 -1.216e+06 -1.744e+06 -3.486e+07 -1.461e+06 -4.974e+05
 -1.641e+06 -2.089e+06 -1.214e+06 -1.213e+06 -1.155e+06 -1.591e+06 -1.332e+06 -1.482e+06 -1.461e+06 -3.945e+07 -4.806e+05
 -2.867e+05 -7.647e+05 -9.032e+05 -4.052e+05  -4.84e+05 -4.259e+05 -4.213e+05 -1.595e+05 -4.974e+05 -4.806e+05  -1.97e+06

 7

((((And_ful: 0.005930, And_hae: 0.005886): 0.001638, And_hat: 0.005090): 0.000433, And_tri: 0.005006): 0.000430, (And_bic: 0.003735, And_mar: 0.003715): 0.002029, Bom_pas: 0.062202);

  0.000430  0.000433  0.001638  0.005930  0.005886  0.005090  0.005006  0.002029  0.003735  0.003715  0.062201

  0.135566  0.122765  0.055643  0.000000  0.000000  0.000000 -0.008398  0.000000  0.000000  0.064371  0.015344


Hessian

 -3.573e+08 -9.959e+06  -4.75e+06 -2.668e+06 -9.494e+06 -2.636e+06 -3.495e+06 -2.538e+07 -1.287e+06  -3.25e+06 -5.582e+05
 -9.959e+06   -3.7e+08 -5.658e+06 -3.457e+06  -2.77e+06 -6.386e+06 -5.393e+06 -8.872e+06 -3.461e+06 -5.876e+06 -1.119e+06
  -4.75e+06 -5.658e+06 -1.145e+08 -4.192e+06 -4.444e+06 -1.818e+06 -2.512e+06 -4.212e+06 -2.266e+06 -2.888e+06 -1.676e+06
 -2.668e+06 -3.457e+06 -4.192e+06 -3.872e+07  -7.72e+05 -2.212e+06 -2.561e+06 -1.564e+06 -1.823e+06 -2.158e+06 -8.101e+05
 -9.494e+06  -2.77e+06 -4.444e+06  -7.72e+05 -3.916e+07 -2.721e+06  -1.53e+06 -2.453e+06 -1.762e+06  -1.93e+06 -9.304e+05
 -2.636e+06 -6.386e+06 -1.818e+06 -2.212e+06 -2.721e+06  -4.63e+07 -2.421e+06   -5.7e+06 -1.895e+06 -2.303e+06 -9.081e+05
 -3.495e+06 -5.393e+06 -2.512e+06 -2.561e+06  -1.53e+06 -2.421e+06  -4.61e+07 -1.529e+06 -1.765e+06 -1.705e+06  -7.63e+05
 -2.538e+07 -8.872e+06 -4.212e+06 -1.564e+06 -2.453e+06   -5.7e+06 -1.529e+06 -9.705e+07 -3.851e+06 -3.465e+06   -3.2e+05
 -1.287e+06 -3.461e+06 -2.266e+06 -1.823e+06 -1.762e+06 -1.895e+06 -1.765e+06 -3.851e+06 -6.274e+07 -2.907e+06 -7.737e+05
  -3.25e+06 -5.876e+06 -2.888e+06 -2.158e+06  -1.93e+06 -2.303e+06 -1.705e+06 -3.465e+06 -2.907e+06 -6.263e+07 -8.112e+05
 -5.582e+05 -1.119e+06 -1.676e+06 -8.101e+05 -9.304e+05 -9.081e+05  -7.63e+05   -3.2e+05 -7.737e+05 -8.112e+05 -3.684e+06

 7

((((And_ful: 0.063302, And_hae: 0.055900): 0.022538, And_hat: 0.045004): 0.005617, And_tri: 0.044686): 0.003199, (And_bic: 0.039590, And_mar: 0.034047): 0.011646, Bom_pas: 0.638767);

  0.003199  0.005617  0.022538  0.063302  0.055900  0.045004  0.044686  0.011646  0.039590  0.034047  0.638767

  0.434005  0.021417  0.006262  0.014233  0.006615 -0.133125  0.012815  0.010932 -0.006159 -0.006192  0.000000


Hessian

 -2.296e+07 -9.922e+05 -4.197e+05 -2.765e+05 -4.565e+05 -3.171e+05 -4.559e+05 -1.014e+07 -1.852e+05  -2.55e+05 -3.366e+04
 -9.922e+05 -2.684e+07 -5.603e+05 -2.663e+05 -2.697e+05  -9.47e+05 -5.686e+05 -1.017e+06 -2.935e+05 -3.095e+05 -3.728e+04
 -4.197e+05 -5.603e+05 -8.533e+06 -1.827e+05 -2.562e+05   -1.7e+05 -2.575e+05 -4.671e+05 -3.111e+05 -2.641e+05 -3.737e+04
 -2.765e+05 -2.663e+05 -1.827e+05 -3.339e+06 -2.806e+04 -2.341e+05 -2.503e+05 -2.474e+05 -2.069e+05 -1.704e+05  1.956e+04
 -4.565e+05 -2.697e+05 -2.562e+05 -2.806e+04 -3.794e+06 -2.086e+05 -2.079e+05 -3.342e+05 -1.717e+05 -1.817e+05 -1.972e+04
 -3.171e+05  -9.47e+05   -1.7e+05 -2.341e+05 -2.086e+05 -4.819e+06 -2.713e+05 -4.529e+05 -2.295e+05 -2.875e+05     -344.7
 -4.559e+05 -5.686e+05 -2.575e+05 -2.503e+05 -2.079e+05 -2.713e+05 -4.815e+06 -3.779e+05  -2.39e+05 -2.046e+05 -1.036e+04
 -1.014e+07 -1.017e+06 -4.671e+05 -2.474e+05 -3.342e+05 -4.529e+05 -3.779e+05 -1.392e+07 -1.962e+05 -2.588e+05   2.41e+04
 -1.852e+05 -2.935e+05 -3.111e+05 -2.069e+05 -1.717e+05 -2.295e+05  -2.39e+05 -1.962e+05 -5.699e+06   -2.1e+05 -1.704e+04
  -2.55e+05 -3.095e+05 -2.641e+05 -1.704e+05 -1.817e+05 -2.875e+05 -2.046e+05 -2.588e+05   -2.1e+05 -6.601e+06 -2.749e+04
 -3.366e+04 -3.728e+04 -3.737e+04  1.956e+04 -1.972e+04     -344.7 -1.036e+04   2.41e+04 -1.704e+04 -2.749e+04 -1.792e+05
