
 7

((((And_ful: 0.063302, And_hae: 0.055900): 0.022538, And_hat: 0.045004): 0.005617, And_tri: 0.044686): 0.003199, (And_bic: 0.039590, And_mar: 0.034047): 0.011646, Bom_pas: 0.638767);

  0.003199  0.005617  0.022538  0.063302  0.055900  0.045004  0.044686  0.011646  0.039590  0.034047  0.638767

  0.015666 -0.008682  0.005692 -0.013138  0.097022 -0.068512  0.160467 -0.407942  0.000000 -0.026457 -0.006749


Hessian

 -2.296e+07 -9.922e+05 -4.197e+05 -2.765e+05 -4.565e+05 -3.171e+05 -4.559e+05 -1.014e+07 -1.852e+05  -2.55e+05 -3.366e+04
 -9.922e+05 -2.684e+07 -5.603e+05 -2.663e+05 -2.697e+05  -9.47e+05 -5.686e+05 -1.017e+06 -2.935e+05 -3.095e+05 -3.728e+04
 -4.197e+05 -5.603e+05 -8.533e+06 -1.827e+05 -2.562e+05   -1.7e+05 -2.575e+05 -4.671e+05 -3.111e+05 -2.641e+05 -3.737e+04
 -2.765e+05 -2.663e+05 -1.827e+05 -3.339e+06 -2.806e+04 -2.341e+05 -2.503e+05 -2.474e+05 -2.069e+05 -1.704e+05  1.956e+04
 -4.565e+05 -2.697e+05 -2.562e+05 -2.806e+04 -3.794e+06 -2.086e+05 -2.079e+05 -3.342e+05 -1.717e+05 -1.817e+05 -1.972e+04
 -3.171e+05  -9.47e+05   -1.7e+05 -2.341e+05 -2.086e+05 -4.819e+06 -2.713e+05 -4.529e+05 -2.295e+05 -2.875e+05     -344.7
 -4.559e+05 -5.686e+05 -2.575e+05 -2.503e+05 -2.079e+05 -2.713e+05 -4.815e+06 -3.779e+05  -2.39e+05 -2.046e+05 -1.036e+04
 -1.014e+07 -1.017e+06 -4.671e+05 -2.474e+05 -3.342e+05 -4.529e+05 -3.779e+05 -1.392e+07 -1.962e+05 -2.588e+05   2.41e+04
 -1.852e+05 -2.935e+05 -3.111e+05 -2.069e+05 -1.717e+05 -2.295e+05  -2.39e+05 -1.962e+05 -5.699e+06   -2.1e+05 -1.704e+04
  -2.55e+05 -3.095e+05 -2.641e+05 -1.704e+05 -1.817e+05 -2.875e+05 -2.046e+05 -2.588e+05   -2.1e+05 -6.601e+06 -2.749e+04
 -3.366e+04 -3.728e+04 -3.737e+04  1.956e+04 -1.972e+04     -344.7 -1.036e+04   2.41e+04 -1.704e+04 -2.749e+04 -1.792e+05
