name: sratools
channels:
  - gwforg
  - conda-forge
  - bioconda
  - genomedk
dependencies:
  - _libgcc_mutex=0.1=conda_forge
  - _openmp_mutex=4.5=2_gnu
  - c-ares=1.24.0=hd590300_0
  - ca-certificates=2023.11.17=hbcca054_0
  - curl=8.5.0=hca28451_0
  - icu=70.1=h27087fc_0
  - keyutils=1.6.1=h166bdaf_0
  - krb5=1.21.2=h659d440_0
  - libcurl=8.5.0=hca28451_0
  - libedit=3.1.20191231=he28a2e2_2
  - libev=4.33=hd590300_2
  - libgcc-ng=13.2.0=h807b86a_3
  - libgomp=13.2.0=h807b86a_3
  - libiconv=1.17=hd590300_2
  - libnghttp2=1.58.0=h47da74e_1
  - libssh2=1.11.0=h0841786_0
  - libstdcxx-ng=13.2.0=h7e041cc_3
  - libxcrypt=4.4.36=hd590300_1
  - libxml2=2.9.14=h22db469_4
  - libzlib=1.2.13=hd590300_5
  - ncbi-vdb=3.0.10=hdbdd923_0
  - ncurses=6.4=h59595ed_2
  - openssl=3.2.0=hd590300_1
  - ossuuid=1.6.2=hf484d3e_1000
  - perl=5.32.1=7_hd590300_perl5
  - perl-alien-build=2.48=pl5321hec16e2b_0
  - perl-alien-libxml2=0.17=pl5321hec16e2b_0
  - perl-business-isbn=3.007=pl5321hd8ed1ab_0
  - perl-business-isbn-data=20210112.006=pl5321hd8ed1ab_0
  - perl-capture-tiny=0.48=pl5321ha770c72_1
  - perl-carp=1.50=pl5321hd8ed1ab_0
  - perl-constant=1.33=pl5321hd8ed1ab_0
  - perl-exporter=5.74=pl5321hd8ed1ab_0
  - perl-extutils-makemaker=7.70=pl5321hd8ed1ab_0
  - perl-ffi-checklib=0.28=pl5321hdfd78af_0
  - perl-file-chdir=0.1011=pl5321hd8ed1ab_0
  - perl-file-path=2.18=pl5321hd8ed1ab_0
  - perl-file-temp=0.2304=pl5321hd8ed1ab_0
  - perl-file-which=1.24=pl5321hd8ed1ab_0
  - perl-importer=0.026=pl5321hd8ed1ab_0
  - perl-parent=0.241=pl5321hd8ed1ab_0
  - perl-path-tiny=0.124=pl5321hd8ed1ab_0
  - perl-pathtools=3.75=pl5321h166bdaf_0
  - perl-scope-guard=0.21=pl5321hd8ed1ab_0
  - perl-sub-info=0.002=pl5321hd8ed1ab_0
  - perl-term-table=0.016=pl5321hdfd78af_0
  - perl-test-fatal=0.016=pl5321ha770c72_0
  - perl-test-warnings=0.031=pl5321ha770c72_0
  - perl-test2-suite=0.000145=pl5321hdfd78af_0
  - perl-try-tiny=0.31=pl5321ha770c72_0
  - perl-uri=5.17=pl5321ha770c72_0
  - perl-xml-libxml=2.0207=pl5321h661654b_0
  - perl-xml-namespacesupport=1.12=pl5321hd8ed1ab_0
  - perl-xml-sax=1.02=pl5321hd8ed1ab_0
  - perl-xml-sax-base=1.09=pl5321hd8ed1ab_0
  - sra-tools=3.0.10=h9f5acd7_0
  - xz=5.2.6=h166bdaf_0
  - zlib=1.2.13=hd590300_5
  - zstd=1.5.5=hfc55251_0
prefix: /home/yzliu/miniforge3/envs/sratools
