
 8

((((((Bom_mus: 0.001863, Bom_vet: 0.002194): 0.001000, Bom_pas: 0.002795): 0.005361, Bom_syl: 0.008794): 0.001026, Bom_hor: 0.008358): 0.001067, Bom_hyp: 0.005695): 0.006253, Bom_con: 0.011259, Apis_mel: 0.084551);

  0.006253  0.001067  0.001026  0.005361  0.001000  0.001863  0.002194  0.002795  0.008794  0.008358  0.005695  0.011259  0.084551

  0.045481 -0.044627  0.010612  0.000000  0.000000  0.000000  0.000000  0.061165  0.000000  0.024100  0.000000  0.000000  0.000000


Hessian

 -1.065e+07 -4.457e+05 -4.442e+05 -1.403e+06 -1.461e+06 -2.388e+05 -5.518e+05 -3.893e+05 -3.545e+05 -3.881e+05 -1.908e+05  -1.22e+06 -7.955e+04
 -4.457e+05 -5.288e+07 -2.862e+06 -9.654e+05 -1.719e+06 -8.909e+05 -7.958e+05 -7.434e+05 -7.291e+05 -1.235e+06 -2.338e+06 -9.899e+05 -2.773e+05
 -4.442e+05 -2.862e+06 -6.482e+07 -1.071e+06 -4.469e+05 -1.114e+06 -1.266e+06 -3.109e+05 -2.269e+05 -1.076e+06  -7.42e+05  -7.37e+05 -2.369e+05
 -1.403e+06 -9.654e+05 -1.071e+06 -1.426e+07 -5.705e+05 -1.249e+06 -1.223e+06  -7.12e+05 -2.777e+05 -5.863e+05 -5.244e+05 -9.651e+05 -2.187e+05
 -1.461e+06 -1.719e+06 -4.469e+05 -5.705e+05 -7.316e+07 -7.245e+05 -1.643e+06 -1.464e+06 -8.256e+05  -5.61e+05 -7.883e+05 -4.204e+06 -2.109e+05
 -2.388e+05 -8.909e+05 -1.114e+06 -1.249e+06 -7.245e+05 -4.104e+07 -3.533e+06 -1.648e+06 -2.736e+05 -3.714e+05  -5.11e+05 -3.034e+05 -2.302e+05
 -5.518e+05 -7.958e+05 -1.266e+06 -1.223e+06 -1.643e+06 -3.533e+06 -3.478e+07 -1.119e+06  -5.42e+05 -5.679e+05 -1.048e+06 -8.292e+05 -1.936e+05
 -3.893e+05 -7.434e+05 -3.109e+05  -7.12e+05 -1.464e+06 -1.648e+06 -1.119e+06 -2.736e+07  -4.16e+05   -8.2e+05 -4.892e+05 -4.569e+05 -1.842e+05
 -3.545e+05 -7.291e+05 -2.269e+05 -2.777e+05 -8.256e+05 -2.736e+05  -5.42e+05  -4.16e+05 -8.853e+06 -8.567e+05 -2.984e+05 -3.225e+05 -1.637e+05
 -3.881e+05 -1.235e+06 -1.076e+06 -5.863e+05  -5.61e+05 -3.714e+05 -5.679e+05   -8.2e+05 -8.567e+05 -9.332e+06 -5.922e+05 -1.832e+05 -1.986e+05
 -1.908e+05 -2.338e+06  -7.42e+05 -5.244e+05 -7.883e+05  -5.11e+05 -1.048e+06 -4.892e+05 -2.984e+05 -5.922e+05 -1.344e+07  -2.19e+05 -2.246e+05
  -1.22e+06 -9.899e+05  -7.37e+05 -9.651e+05 -4.204e+06 -3.034e+05 -8.292e+05 -4.569e+05 -3.225e+05 -1.832e+05  -2.19e+05 -6.445e+06 -7.052e+04
 -7.955e+04 -2.773e+05 -2.369e+05 -2.187e+05 -2.109e+05 -2.302e+05 -1.936e+05 -1.842e+05 -1.637e+05 -1.986e+05 -2.246e+05 -7.052e+04  -8.92e+05

 8

((((((Bom_mus: 0.001488, Bom_vet: 0.001520): 0.000966, Bom_pas: 0.002351): 0.003479, Bom_syl: 0.006666): 0.000565, Bom_hor: 0.006037): 0.000632, Bom_hyp: 0.004377): 0.004209, Bom_con: 0.007397, Apis_mel: 0.052099);

  0.004209  0.000632  0.000565  0.003479  0.000966  0.001488  0.001520  0.002351  0.006666  0.006037  0.004377  0.007397  0.052099

  0.000000  0.016215  0.041886  0.000000  0.009304  0.083622  0.015547 -0.069032  0.000000  0.000000  0.000000  0.000000  0.000000


Hessian

 -1.612e+07 -9.914e+05 -1.029e+06 -3.105e+06 -2.299e+06 -7.958e+05 -9.804e+05 -9.268e+05 -6.054e+05 -7.986e+05   -4.9e+05 -1.556e+06 -1.436e+05
 -9.914e+05 -8.791e+07 -1.425e+06 -1.196e+06  -1.65e+06  -1.74e+05 -1.729e+06 -1.438e+06 -9.381e+05 -1.526e+06 -3.188e+06 -1.574e+06  -3.51e+05
 -1.029e+06 -1.425e+06 -1.194e+08 -1.805e+06 -1.264e+06 -1.073e+05 -3.572e+06 -8.196e+05 -4.388e+05 -9.663e+05  -7.83e+05 -9.333e+05 -4.709e+05
 -3.105e+06 -1.196e+06 -1.805e+06 -2.127e+07 -1.013e+06 -1.631e+06 -2.315e+06 -9.805e+05 -6.151e+05 -1.023e+06  -9.92e+05 -1.002e+06 -3.645e+05
 -2.299e+06  -1.65e+06 -1.264e+06 -1.013e+06 -7.261e+07 -1.365e+06  -2.88e+06 -2.532e+06 -1.435e+06 -1.051e+06 -8.088e+05 -6.646e+06 -1.818e+05
 -7.958e+05  -1.74e+05 -1.073e+05 -1.631e+06 -1.365e+06 -5.104e+07 -5.705e+06 -1.473e+06 -5.522e+05 -2.757e+05 -1.054e+06 -7.727e+05 -2.883e+05
 -9.804e+05 -1.729e+06 -3.572e+06 -2.315e+06  -2.88e+06 -5.705e+06  -4.88e+07 -1.604e+06  -4.56e+05 -6.171e+05 -7.703e+05 -1.124e+06  -2.57e+05
 -9.268e+05 -1.438e+06 -8.196e+05 -9.805e+05 -2.532e+06 -1.473e+06 -1.604e+06 -3.239e+07 -7.383e+05 -1.411e+06 -1.009e+06 -3.519e+05 -2.765e+05
 -6.054e+05 -9.381e+05 -4.388e+05 -6.151e+05 -1.435e+06 -5.522e+05  -4.56e+05 -7.383e+05 -1.158e+07  -1.87e+06 -8.557e+05 -4.596e+05 -2.142e+05
 -7.986e+05 -1.526e+06 -9.663e+05 -1.023e+06 -1.051e+06 -2.757e+05 -6.171e+05 -1.411e+06  -1.87e+06 -1.276e+07 -7.798e+05 -5.213e+05 -2.447e+05
   -4.9e+05 -3.188e+06  -7.83e+05  -9.92e+05 -8.088e+05 -1.054e+06 -7.703e+05 -1.009e+06 -8.557e+05 -7.798e+05 -1.755e+07  -3.75e+05 -3.846e+05
 -1.556e+06 -1.574e+06 -9.333e+05 -1.002e+06 -6.646e+06 -7.727e+05 -1.124e+06 -3.519e+05 -4.596e+05 -5.213e+05  -3.75e+05 -9.945e+06  -1.44e+05
 -1.436e+05  -3.51e+05 -4.709e+05 -3.645e+05 -1.818e+05 -2.883e+05  -2.57e+05 -2.765e+05 -2.142e+05 -2.447e+05 -3.846e+05  -1.44e+05 -1.498e+06

 8

((((((Bom_mus: 0.007822, Bom_vet: 0.007695): 0.001599, Bom_pas: 0.008574): 0.015690, Bom_syl: 0.025361): 0.003114, Bom_hor: 0.026314): 0.003491, Bom_hyp: 0.021804): 0.024572, Bom_con: 0.033790, Apis_mel: 0.314602);

  0.024572  0.003491  0.003114  0.015690  0.001599  0.007822  0.007695  0.008574  0.025361  0.026314  0.021804  0.033790  0.314602

  0.016475  0.021462  0.000000  0.023640 -0.190762  0.000000  0.000000  0.034483  0.000000  0.012903  0.000000  0.000000  0.000000


Hessian

 -2.307e+06 -1.667e+05 -6.615e+04 -1.643e+05  -2.98e+05 -1.344e+05 -1.047e+05 -1.045e+05 -1.001e+05 -5.137e+04      -1365 -6.006e+05      -1183
 -1.667e+05 -1.636e+07 -6.267e+05  -2.29e+05 -3.082e+05  -3.31e+05 -1.384e+05 -1.735e+05 -1.172e+05 -1.812e+05 -6.829e+05 -2.367e+05 -2.189e+04
 -6.615e+04 -6.267e+05 -2.089e+07 -3.824e+05 -2.204e+05 -8.002e+04 -2.316e+05 -3.242e+04 -1.233e+05 -2.543e+05 -2.191e+05 -1.311e+05   -5.5e+04
 -1.643e+05  -2.29e+05 -3.824e+05 -4.854e+06  -2.22e+05 -2.714e+05 -3.086e+05 -1.585e+05 -4.854e+04  -1.06e+05 -8.393e+04 -1.278e+05 -3.438e+04
  -2.98e+05 -3.082e+05 -2.204e+05  -2.22e+05 -4.379e+07 -2.379e+05 -3.369e+05 -8.241e+05 -2.136e+05 -7.588e+04 -2.414e+05 -6.124e+05 -3.686e+04
 -1.344e+05  -3.31e+05 -8.002e+04 -2.714e+05 -2.379e+05 -1.007e+07 -5.828e+05 -2.824e+05 -4.908e+04 -7.628e+04  -7.27e+04 -7.609e+04 -4.114e+04
 -1.047e+05 -1.384e+05 -2.316e+05 -3.086e+05 -3.369e+05 -5.828e+05 -1.019e+07 -2.705e+05 -8.702e+04 -7.289e+04 -7.452e+04 -7.855e+04 -3.053e+04
 -1.045e+05 -1.735e+05 -3.242e+04 -1.585e+05 -8.241e+05 -2.824e+05 -2.705e+05 -8.954e+06 -1.173e+05 -1.139e+05 -1.866e+05 -4.853e+04 -4.012e+04
 -1.001e+05 -1.172e+05 -1.233e+05 -4.854e+04 -2.136e+05 -4.908e+04 -8.702e+04 -1.173e+05 -3.016e+06 -1.329e+05 -9.758e+04 -4.637e+04 -3.798e+04
 -5.137e+04 -1.812e+05 -2.543e+05  -1.06e+05 -7.588e+04 -7.628e+04 -7.289e+04 -1.139e+05 -1.329e+05 -2.916e+06 -8.294e+04 -6.075e+04 -2.761e+04
      -1365 -6.829e+05 -2.191e+05 -8.393e+04 -2.414e+05  -7.27e+04 -7.452e+04 -1.866e+05 -9.758e+04 -8.294e+04 -3.463e+06 -1.512e+04 -4.114e+04
 -6.006e+05 -2.367e+05 -1.311e+05 -1.278e+05 -6.124e+05 -7.609e+04 -7.855e+04 -4.853e+04 -4.637e+04 -6.075e+04 -1.512e+04 -1.837e+06       5827
      -1183 -2.189e+04   -5.5e+04 -3.438e+04 -3.686e+04 -4.114e+04 -3.053e+04 -4.012e+04 -3.798e+04 -2.761e+04 -4.114e+04       5827 -1.825e+05
