
 8

((((((Bom_mus: 0.007822, Bom_vet: 0.007695): 0.001599, Bom_pas: 0.008574): 0.015690, Bom_syl: 0.025361): 0.003114, Bom_hor: 0.026314): 0.003491, Bom_hyp: 0.021804): 0.024572, Bom_con: 0.033790, Apis_mel: 0.314602);

  0.024572  0.003491  0.003114  0.015690  0.001599  0.007822  0.007695  0.008574  0.025361  0.026314  0.021804  0.033790  0.314602

  0.000000  0.049739 -0.007108  0.022494 -0.201949  0.000000  0.000000  0.034628  0.000000  0.011768 -0.071349 -0.046029 -0.009741


Hessian

 -2.307e+06 -1.667e+05 -6.615e+04 -1.643e+05  -2.98e+05 -1.344e+05 -1.047e+05 -1.045e+05 -1.001e+05 -5.137e+04      -1365 -6.006e+05      -1183
 -1.667e+05 -1.636e+07 -6.267e+05  -2.29e+05 -3.082e+05  -3.31e+05 -1.384e+05 -1.735e+05 -1.172e+05 -1.812e+05 -6.829e+05 -2.367e+05 -2.189e+04
 -6.615e+04 -6.267e+05 -2.089e+07 -3.824e+05 -2.204e+05 -8.002e+04 -2.316e+05 -3.242e+04 -1.233e+05 -2.543e+05 -2.191e+05 -1.311e+05   -5.5e+04
 -1.643e+05  -2.29e+05 -3.824e+05 -4.854e+06  -2.22e+05 -2.714e+05 -3.086e+05 -1.585e+05 -4.854e+04  -1.06e+05 -8.393e+04 -1.278e+05 -3.438e+04
  -2.98e+05 -3.082e+05 -2.204e+05  -2.22e+05 -4.379e+07 -2.379e+05 -3.369e+05 -8.241e+05 -2.136e+05 -7.588e+04 -2.414e+05 -6.124e+05 -3.686e+04
 -1.344e+05  -3.31e+05 -8.002e+04 -2.714e+05 -2.379e+05 -1.007e+07 -5.828e+05 -2.824e+05 -4.908e+04 -7.628e+04  -7.27e+04 -7.609e+04 -4.114e+04
 -1.047e+05 -1.384e+05 -2.316e+05 -3.086e+05 -3.369e+05 -5.828e+05 -1.019e+07 -2.705e+05 -8.702e+04 -7.289e+04 -7.452e+04 -7.855e+04 -3.053e+04
 -1.045e+05 -1.735e+05 -3.242e+04 -1.585e+05 -8.241e+05 -2.824e+05 -2.705e+05 -8.954e+06 -1.173e+05 -1.139e+05 -1.866e+05 -4.853e+04 -4.012e+04
 -1.001e+05 -1.172e+05 -1.233e+05 -4.854e+04 -2.136e+05 -4.908e+04 -8.702e+04 -1.173e+05 -3.016e+06 -1.329e+05 -9.758e+04 -4.637e+04 -3.798e+04
 -5.137e+04 -1.812e+05 -2.543e+05  -1.06e+05 -7.588e+04 -7.628e+04 -7.289e+04 -1.139e+05 -1.329e+05 -2.916e+06 -8.294e+04 -6.075e+04 -2.761e+04
      -1365 -6.829e+05 -2.191e+05 -8.393e+04 -2.414e+05  -7.27e+04 -7.452e+04 -1.866e+05 -9.758e+04 -8.294e+04 -3.463e+06 -1.512e+04 -4.114e+04
 -6.006e+05 -2.367e+05 -1.311e+05 -1.278e+05 -6.124e+05 -7.609e+04 -7.855e+04 -4.853e+04 -4.637e+04 -6.075e+04 -1.512e+04 -1.837e+06       5827
      -1183 -2.189e+04   -5.5e+04 -3.438e+04 -3.686e+04 -4.114e+04 -3.053e+04 -4.012e+04 -3.798e+04 -2.761e+04 -4.114e+04       5827 -1.825e+05
